((((ISL_402125:0.03561,ISL_430111:0.03489):0.00002,(((((((((((((((ISL_414510:0.03231,
((((((((ISL_447817:0.03238,(((((((((ISL_416747:0.02754,((ISL_420047:0.02465,
((ISL_437270:0.00742,(ISL_436315:0.00704,ISL_430050:0.00426):0.00268):0.00751,
ISL_436367:0.02104):0.00383):0.00230,ISL_426062:0.03096):0.00157):0.00129,
ISL_418413:0.02932):0.00062,ISL_437297:0.02915):0.00038,
ISL_416757:0.03035):0.00021,ISL_425374:0.02998):0.00011,
ISL_414499:0.03039):0.00006,ISL_433196:0.03014):0.00003,
ISL_419535:0.03027):0.00002,((ISL_425475:0.03044,ISL_433434:0.03056):0.00003,
ISL_432990:0.03037):0.00000):0.00002):0.00053,ISL_437288:0.03117):0.00022,
ISL_437214:0.03138):0.00018,ISL_437206:0.03156):0.00037,
ISL_417244:0.03202):0.00031,ISL_437237:0.03250):0.00038,
ISL_437244:0.03297):0.00016,ISL_417419:0.03205):0.00009):0.00036,
ISL_412116:0.03446):0.00020,ISL_429968:0.03599):0.00035,
ISL_424194:0.03554):0.00018,ISL_421513:0.03639):0.00008,
ISL_430112:0.03501):0.00006,ISL_430107:0.03509):0.00002,
ISL_430110:0.03507):0.00003,ISL_436731:0.03576):0.00001,
ISL_430106:0.03514):0.00000,ISL_434635:0.03515):0.00000,
ISL_430109:0.03505):0.00000,ISL_418860:0.03565):0.00001,
ISL_430108:0.03504):0.00000,ISL_420988:0.03555):0.00003):0.00004,
ISL_418256:0.03529):0.00007,(ISL_436732:0.03633,(ISL_417420:0.03647,
(ISL_444969:0.03627,(((ISL_410532:0.03686,ISL_404895:0.03664):0.00001,
(ISL_410044:0.03754,ISL_411956:0.03676):0.00002):0.00001,
((ISL_416624:0.03709,ISL_419554:0.03651):0.00002,((ISL_436727:0.03622,
ISL_436729:0.03648):0.00002,((ISL_408666:0.03673,ISL_410545:0.03727):0.00002,
(ISL_428366:0.03677,((((ISL_416574:0.03707,ISL_436715:0.03673):0.00000,
(ISL_436716:0.03718,ISL_436717:0.03722):0.00002):0.00001,
ISL_436730:0.03678):0.00001,((((ISL_402128:0.03779,(ISL_431783:0.03789,
(ISL_428691:0.03781,ISL_407071:0.03819):0.00001):0.00001):0.00001,
ISL_421514:0.03761):0.00001,ISL_418251:0.03939):0.00001,
(((ISL_402127:0.03844,ISL_406596:0.03766):0.00003,((((ISL_412982:0.03814,
ISL_418248:0.03966):0.00002,(ISL_436341:0.03913,ISL_436355:0.03867):0.00003):0.00000,
(ISL_428313:0.03955,ISL_410546:0.03965):0.00002):0.00000,
ISL_417491:0.03897):0.00000):0.00001,(((ISL_438971:0.03909,
ISL_426028:0.03811):0.00001,ISL_417978:0.03809):0.00000,
(ISL_419307:0.03779,((ISL_431782:0.03819,((((ISL_447805:0.04110,
ISL_447808:0.04100):0.00001,ISL_447812:0.04099):0.00002,
(((ISL_447806:0.04117,ISL_447807:0.04113):0.00002,ISL_447816:0.04148):0.00001,
(ISL_447809:0.04123,ISL_447810:0.04117):0.00003):0.00000):0.00001,
((ISL_447813:0.04109,ISL_417508:0.03911):0.00002,ISL_419296:0.03918):0.00001):0.00000):0.00001,
(ISL_419304:0.03869,(ISL_406862:0.03940,(ISL_420125:0.03940,
((ISL_437601:0.03920,ISL_438956:0.03920):0.00000,ISL_425672:0.03930):0.00000):0.00000):0.00000):0.00000):0.00000):0.00000):0.00001):0.00001):0.00000):0.00001):0.00000):0.00001):0.00001):0.00000):0.00002):0.00006):0.00001):0.00002,ISL_402124:0.03622);
